HDR GRP CANADIAN GEODETIC SURVEY, SURVEYOR GENERAL BRANCH, NATURAL RESOURCES CANADA
HDR ADR GOVERNMENT OF CANADA, 588 BOOTH STREET ROOM 334, OTTAWA ONTARIO K1A 0Y7
HDR TEL 343-292-6617
HDR EMA nrcan.geodeticinformation-informationgeodesique.rncan@canada.ca
NOTE: Estimated positions are at the epoch of data
DIR FRAME  STN   DAYofYEAR YEAR-MM-DD HR:MN:SS.SS NSV GDOP RMSC(m) RMSP(m)       DLAT(m)       DLON(m)       DHGT(m)          CLK(ns)  TZD(m) SDLAT(95%) SDLON(95%) SDHGT(95%) SDCLK(95%) SDTZD(95%) LATDD LATMN    LATSS LONDD LONMN    LONSS     HGT(m) UTMZONE    UTM_EASTING   UTM_NORTHING UTM_SCLPNT UTM_SCLCBN MTMZONE    MTM_EASTING   MTM_NORTHING MTM_SCLPNT MTM_SCLCBN H:CGVD2013(m)
BWD NAD83 Rine  200.957368 2020-07-18 22:58:36.60  13  2.0   1.407  0.0027       -1.7821       -0.8245       -0.1206          -5.3514  2.3798     0.6809     0.4640     1.1907     3.4311     0.0974    49    24  3.18469  -119    33 24.02453   510.2303      11    314513.2096   5475164.9793 1.00002264 0.99994269      25    336974.5899   5473758.5550 0.99991271 0.99983277       526.447
BWD NAD83 Rine  200.957370 2020-07-18 22:58:36.80  13  2.0   0.561  0.0011       -1.7824       -0.8195       -0.0967          -5.4070  2.3798     0.6808     0.4640     1.1906     3.4308     0.0974    49    24  3.18468  -119    33 24.02428   510.2542      11    314513.2147   5475164.9788 1.00002264 0.99994268      25    336974.5949   5473758.5548 0.99991271 0.99983277       526.471
BWD NAD83 Rine  200.957373 2020-07-18 22:58:37.00  13  2.0   0.555  0.0019       -1.7751       -0.8252       -0.0718          -5.2727  2.3800     0.6809     0.4640     1.1906     3.4307     0.0974    49    24  3.18492  -119    33 24.02456   510.2791      11    314513.2093   5475164.9864 1.00002264 0.99994268      25    336974.5892   5473758.5621 0.99991271 0.99983276       526.496
BWD NAD83 Rine  200.957375 2020-07-18 22:58:37.20  13  2.8   0.650  0.0014       -1.7664       -0.8257       -0.0571          -5.1624  2.3801     0.6809     0.4640     1.1906     3.4307     0.0974    49    24  3.18520  -119    33 24.02459   510.2938      11    314513.2090   5475164.9950 1.00002264 0.99994268      25    336974.5886   5473758.5708 0.99991271 0.99983276       526.510
BWD NAD83 Rine  200.957377 2020-07-18 22:58:37.40  13  2.8   0.651  0.0019       -1.7490       -0.8338       -0.0348          -5.0660  2.3802     0.6809     0.4640     1.1906     3.4307     0.0974    49    24  3.18577  -119    33 24.02499   510.3161      11    314513.2015   5475165.0129 1.00002264 0.99994267      25    336974.5804   5473758.5883 0.99991271 0.99983276       526.533
BWD NAD83 Rine  200.957380 2020-07-18 22:58:37.60  13  2.8   0.595  0.0022       -1.7281       -0.8430       -0.0194          -5.1292  2.3804     0.6809     0.4639     1.1906     3.4307     0.0974    49    24  3.18644  -119    33 24.02545   510.3315      11    314513.1929   5475165.0339 1.00002264 0.99994267      25    336974.5710   5473758.6090 0.99991271 0.99983275       526.548
BWD NAD83 Rine  200.957382 2020-07-18 22:58:37.80  13  2.8   0.586  0.0022       -1.7070       -0.8429       -0.0121          -5.1671  2.3804     0.6809     0.4639     1.1906     3.4306     0.0974    49    24  3.18712  -119    33 24.02544   510.3388      11    314513.1938   5475165.0549 1.00002264 0.99994267      25    336974.5711   5473758.6300 0.99991271 0.99983275       526.555
BWD NAD83 Rine  200.957384 2020-07-18 22:58:38.00  13  2.8   0.546  0.0015       -1.6835       -0.8428        0.0131          -5.0851  2.3805     0.6809     0.4639     1.1906     3.4306     0.0974    49    24  3.18788  -119    33 24.02543   510.3640      11    314513.1948   5475165.0784 1.00002264 0.99994267      25    336974.5711   5473758.6535 0.99991271 0.99983275       526.580
BWD NAD83 Rine  200.957387 2020-07-18 22:58:38.20  13  2.8   0.508  0.0019       -1.6700       -0.8473        0.0212          -5.1317  2.3805     0.6809     0.4639     1.1906     3.4305     0.0974    49    24  3.18832  -119    33 24.02566   510.3721      11    314513.1907   5475165.0921 1.00002264 0.99994266      25    336974.5664   5473758.6670 0.99991271 0.99983275       526.589
BWD NAD83 Rine  200.957389 2020-07-18 22:58:38.40  13  2.8   0.500  0.0019       -1.6500       -0.8504        0.0307          -5.2522  2.3805     0.6809     0.4639     1.1905     3.4305     0.0974    49    24  3.18897  -119    33 24.02581   510.3816      11    314513.1883   5475165.1123 1.00002264 0.99994266      25    336974.5633   5473758.6871 0.99991271 0.99983275       526.598
BWD NAD83 Rine  200.957391 2020-07-18 22:58:38.60  13  2.8   0.504  0.0016       -1.6353       -0.8505        0.0273          -5.4679  2.3805     0.6810     0.4639     1.1905     3.4305     0.0974    49    24  3.18944  -119    33 24.02582   510.3782      11    314513.1886   5475165.1268 1.00002264 0.99994266      25    336974.5630   5473758.7016 0.99991271 0.99983275       526.595
BWD NAD83 Rine  200.957394 2020-07-18 22:58:38.80  13  2.0   0.455  0.0020       -1.6159       -0.8621        0.0503          -5.5119  2.3805     0.6810     0.4639     1.1905     3.4304     0.0974    49    24  3.19007  -119    33 24.02639   510.4012      11    314513.1778   5475165.1466 1.00002264 0.99994266      25    336974.5514   5473758.7210 0.99991271 0.99983274       526.618
BWD NAD83 Rine  200.957396 2020-07-18 22:58:39.00  13  2.0   0.434  0.0016       -1.6029       -0.8633        0.0609          -5.6605  2.3804     0.6810     0.4639     1.1905     3.4304     0.0974    49    24  3.19049  -119    33 24.02645   510.4118      11    314513.1770   5475165.1597 1.00002264 0.99994266      25    336974.5501   5473758.7340 0.99991271 0.99983274       526.628
BWD NAD83 Rine  200.957398 2020-07-18 22:58:39.20  13  2.0   0.487  0.0015       -1.5895       -0.8664        0.0479          -5.7848  2.3804     0.6810     0.4639     1.1905     3.4303     0.0974    49    24  3.19093  -119    33 24.02661   510.3988      11    314513.1743   5475165.1733 1.00002264 0.99994266      25    336974.5468   5473758.7475 0.99991271 0.99983274       526.615
BWD NAD83 Rine  200.957400 2020-07-18 22:58:39.40  13  2.0   0.536  0.0012       -1.5789       -0.8715        0.0430          -5.9636  2.3804     0.6810     0.4639     1.1904     3.4303     0.0974    49    24  3.19127  -119    33 24.02686   510.3939      11    314513.1696   5475165.1840 1.00002264 0.99994266      25    336974.5417   5473758.7580 0.99991271 0.99983274       526.610
BWD NAD83 Rine  200.957403 2020-07-18 22:58:39.60  13  2.0   0.603  0.0022       -1.5714       -0.8888        0.0511          -6.0464  2.3803     0.6810     0.4639     1.1904     3.4302     0.0974    49    24  3.19151  -119    33 24.02772   510.4020      11    314513.1525   5475165.1920 1.00002264 0.99994266      25    336974.5243   5473758.7653 0.99991271 0.99983274       526.618
BWD NAD83 Rine  200.957405 2020-07-18 22:58:39.80  13  2.0   0.682  0.0014       -1.5585       -0.9044        0.0571          -6.1043  2.3803     0.6810     0.4639     1.1904     3.4302     0.0974    49    24  3.19193  -119    33 24.02849   510.4080      11    314513.1374   5475165.2055 1.00002264 0.99994266      25    336974.5087   5473758.7782 0.99991271 0.99983274       526.624
BWD NAD83 Rine  200.957407 2020-07-18 22:58:40.00  13  2.0   0.744  0.0021       -1.5557       -0.9147        0.0335          -6.0212  2.3803     0.6810     0.4639     1.1904     3.4302     0.0974    49    24  3.19202  -119    33 24.02900   510.3844      11    314513.1272   5475165.2086 1.00002264 0.99994266      25    336974.4984   5473758.7809 0.99991271 0.99983274       526.601
BWD NAD83 Rine  200.957410 2020-07-18 22:58:40.20  13  2.0   0.703  0.0022       -1.5630       -0.9088        0.0445          -5.9326  2.3802     0.6810     0.4639     1.1904     3.4301     0.0974    49    24  3.19178  -119    33 24.02871   510.3954      11    314513.1328   5475165.2010 1.00002264 0.99994266      25    336974.5043   5473758.7736 0.99991271 0.99983274       526.612
BWD NAD83 Rine  200.957412 2020-07-18 22:58:40.40  13  2.0   0.863  0.0019       -1.5819       -0.8981        0.0482          -5.9864  2.3802     0.6810     0.4638     1.1904     3.4301     0.0974    49    24  3.19117  -119    33 24.02818   510.3991      11    314513.1429   5475165.1818 1.00002264 0.99994266      25    336974.5151   5473758.7548 0.99991271 0.99983274       526.616
BWD NAD83 Rine  200.957414 2020-07-18 22:58:40.60  13  2.0   0.960  0.0021       -1.5992       -0.8811        0.0525          -6.2087  2.3802     0.6810     0.4638     1.1903     3.4300     0.0974    49    24  3.19061  -119    33 24.02734   510.4034      11    314513.1592   5475165.1640 1.00002264 0.99994266      25    336974.5321   5473758.7376 0.99991271 0.99983274       526.620
BWD NAD83 Rine  200.957417 2020-07-18 22:58:40.80  13  2.0   1.030  0.0019       -1.6244       -0.8685        0.0417          -6.1242  2.3801     0.6811     0.4638     1.1903     3.4300     0.0974    49    24  3.18980  -119    33 24.02671   510.3926      11    314513.1711   5475165.1385 1.00002264 0.99994266      25    336974.5450   5473758.7126 0.99991271 0.99983274       526.609
BWD NAD83 Rine  200.957419 2020-07-18 22:58:41.00  13  2.0   0.990  0.0026       -1.6409       -0.8466        0.0320          -6.1167  2.3801     0.6811     0.4638     1.1903     3.4299     0.0974    49    24  3.18926  -119    33 24.02563   510.3829      11    314513.1923   5475165.1211 1.00002264 0.99994266      25    336974.5669   5473758.6961 0.99991271 0.99983275       526.599
BWD NAD83 Rine  200.957421 2020-07-18 22:58:41.20  13  2.0   0.860  0.0016       -1.6588       -0.8414        0.0181          -6.0698  2.3801     0.6811     0.4638     1.1903     3.4299     0.0974    49    24  3.18868  -119    33 24.02537   510.3690      11    314513.1969   5475165.1030 1.00002264 0.99994266      25    336974.5722   5473758.6782 0.99991271 0.99983275       526.585
BWD NAD83 Rine  200.957424 2020-07-18 22:58:41.40  13  2.0   0.709  0.0015       -1.6737       -0.8363        0.0086          -5.9712  2.3801     0.6811     0.4638     1.1903     3.4299     0.0974    49    24  3.18820  -119    33 24.02512   510.3595      11    314513.2014   5475165.0880 1.00002264 0.99994267      25    336974.5773   5473758.6634 0.99991271 0.99983275       526.576
BWD NAD83 Rine  200.957426 2020-07-18 22:58:41.60  13  2.0   0.626  0.0017       -1.6911       -0.8334       -0.0134          -5.9789  2.3801     0.6811     0.4638     1.1903     3.4298     0.0974    49    24  3.18764  -119    33 24.02497   510.3375      11    314513.2039   5475165.0706 1.00002264 0.99994267      25    336974.5805   5473758.6461 0.99991271 0.99983275       526.554
BWD NAD83 Rine  200.957428 2020-07-18 22:58:41.80  13  2.0   0.543  0.0011       -1.7099       -0.8405       -0.0348          -6.0302  2.3801     0.6811     0.4638     1.1902     3.4298     0.0974    49    24  3.18703  -119    33 24.02532   510.3161      11    314513.1962   5475165.0520 1.00002264 0.99994267      25    336974.5735   5473758.6272 0.99991271 0.99983276       526.533
BWD NAD83 Rine  200.957431 2020-07-18 22:58:42.00  13  2.0   0.442  0.0011       -1.7308       -0.8504       -0.0503          -6.0799  2.3801     0.6811     0.4638     1.1902     3.4297     0.0974    49    24  3.18635  -119    33 24.02582   510.3006      11    314513.1854   5475165.0314 1.00002264 0.99994268      25    336974.5636   5473758.6062 0.99991271 0.99983276       526.517
BWD NAD83 Rine  200.957433 2020-07-18 22:58:42.20  13  2.0   0.375  0.0010       -1.7656       -0.8706       -0.0699          -6.1173  2.3801     0.6811     0.4638     1.1902     3.4297     0.0974    49    24  3.18523  -119    33 24.02682   510.2810      11    314513.1641   5475164.9975 1.00002264 0.99994268      25    336974.5436   5473758.5714 0.99991271 0.99983276       526.497
BWD NAD83 Rine  200.957435 2020-07-18 22:58:42.40  13  2.0   0.344  0.0015       -1.8193       -0.9335       -0.0720          -6.1679  2.3801     0.6811     0.4638     1.1902     3.4297     0.0974    49    24  3.18349  -119    33 24.02994   510.2789      11    314513.0994   5475164.9459 1.00002264 0.99994268      25    336974.4810   5473758.5173 0.99991271 0.99983276       526.495
BWD NAD83 Rine  200.957438 2020-07-18 22:58:42.60  13  2.0   0.322  0.0025       -1.8937       -1.0328       -0.0899          -6.0567  2.3801     0.6811     0.4638     1.1902     3.4296     0.0974    49    24  3.18108  -119    33 24.03486   510.2610      11    314512.9977   5475164.8748 1.00002264 0.99994268      25    336974.3823   5473758.4423 0.99991271 0.99983276       526.477
BWD NAD83 Rine  200.957440 2020-07-18 22:58:42.80  13  2.0   0.347  0.0019       -1.9631       -1.1429       -0.0940          -5.9962  2.3801     0.6811     0.4638     1.1902     3.4296     0.0974    49    24  3.17884  -119    33 24.04032   510.2569      11    314512.8853   5475164.8094 1.00002264 0.99994268      25    336974.2726   5473758.3725 0.99991271 0.99983276       526.473
BWD NAD83 Rine  200.957442 2020-07-18 22:58:43.00  13  2.0   0.373  0.0036       -2.0310       -1.2579       -0.0972          -5.9831  2.3801     0.6812     0.4638     1.1901     3.4295     0.0974    49    24  3.17664  -119    33 24.04602   510.2537      11    314512.7682   5475164.7454 1.00002264 0.99994268      25    336974.1581   5473758.3038 0.99991271 0.99983277       526.470
BWD NAD83 Rine  200.957444 2020-07-18 22:58:43.20  13  2.0   0.381  0.0019       -2.1276       -1.3546       -0.0994          -6.0230  2.3801     0.6812     0.4637     1.1901     3.4295     0.0974    49    24  3.17351  -119    33 24.05082   510.2515      11    314512.6682   5475164.6520 1.00002264 0.99994269      25    336974.0619   5473758.2066 0.99991271 0.99983277       526.468
BWD NAD83 Rine  200.957447 2020-07-18 22:58:43.40  13  2.0   0.423  0.0018       -2.2737       -1.4614       -0.1049          -5.9864  2.3801     0.6812     0.4637     1.1901     3.4294     0.0974    49    24  3.16878  -119    33 24.05612   510.2460      11    314512.5564   5475164.5096 1.00002264 0.99994269      25    336973.9559   5473758.0598 0.99991271 0.99983277       526.462
BWD NAD83 Rine  200.957449 2020-07-18 22:58:43.60  13  2.0   0.448  0.0021       -2.5420       -1.5787       -0.1084          -5.9103  2.3801     0.6812     0.4637     1.1901     3.4294     0.0974    49    24  3.16010  -119    33 24.06193   510.2425      11    314512.4303   5475164.2456 1.00002264 0.99994269      25    336973.8404   5473757.7910 0.99991271 0.99983277       526.459
BWD NAD83 Rine  200.957451 2020-07-18 22:58:43.80  13  2.0   0.407  0.0018       -2.9298       -1.6928       -0.1362         -95.0205  2.3801     0.6812     0.4637     1.1901     3.4294     0.0974    49    24  3.14754  -119    33 24.06760   510.2147      11    314512.3029   5475163.8616 1.00002264 0.99994269      25    336973.7283   5473757.4023 0.99991271 0.99983277       526.431
BWD NAD83 Rine  200.957454 2020-07-18 22:58:44.00  13  2.0   0.369  0.0021       -3.4675       -1.8076       -0.1312         -94.9690  2.3801     0.6812     0.4637     1.1901     3.4293     0.0974    49    24  3.13014  -119    33 24.07329   510.2197      11    314512.1700   5475163.3282 1.00002264 0.99994269      25    336973.6168   5473756.8642 0.99991271 0.99983277       526.436
BWD NAD83 Rine  200.957456 2020-07-18 22:58:44.20  13  2.0   0.398  0.0013       -4.1202       -1.9490       -0.1252         -94.8021  2.3801     0.6812     0.4637     1.1900     3.4293     0.0974    49    24  3.10901  -119    33 24.08030   510.2257      11    314512.0066   5475162.6806 1.00002264 0.99994269      25    336973.4793   5473756.2106 0.99991271 0.99983277       526.442
BWD NAD83 Rine  200.957458 2020-07-18 22:58:44.40  13  2.0   0.349  0.0017       -4.8441       -2.0808       -0.1199         -94.6326  2.3801     0.6812     0.4637     1.1900     3.4292     0.0974    49    24  3.08558  -119    33 24.08684   510.2310      11    314511.8503   5475161.9616 1.00002264 0.99994269      25    336973.3517   5473755.4861 0.99991271 0.99983277       526.448
BWD NAD83 Rine  200.957461 2020-07-18 22:58:44.60  13  2.0   0.353  0.0021       -5.5684       -2.2157       -0.1431         -94.7070  2.3801     0.6812     0.4637     1.1900     3.4292     0.0974    49    24  3.06213  -119    33 24.09353   510.2078      11    314511.6909   5475161.2421 1.00002264 0.99994270      25    336973.2211   5473754.7609 0.99991271 0.99983277       526.424
BWD NAD83 Rine  200.957463 2020-07-18 22:58:44.80  13  2.0   0.358  0.0016       -6.2878       -2.3628       -0.1204         -94.3362  2.3801     0.6812     0.4637     1.1900     3.4291     0.0974    49    24  3.03885  -119    33 24.10082   510.2305      11    314511.5197   5475160.5283 1.00002265 0.99994269      25    336973.0783   5473754.0409 0.99991271 0.99983277       526.447
BWD NAD83 Rine  200.957465 2020-07-18 22:58:45.00  13  2.0   0.370  0.0019       -6.9860       -2.5047       -0.1238          -5.7071  2.3801     0.6812     0.4637     1.1900     3.4291     0.0974    49    24  3.01625  -119    33 24.10786   510.2271      11    314511.3542   5475159.8353 1.00002265 0.99994270      25    336972.9405   5473753.3420 0.99991271 0.99983277       526.444
BWD NAD83 Rine  200.957468 2020-07-18 22:58:45.20  13  2.0   0.383  0.0020       -7.6473       -2.6510       -0.1268          -5.5614  2.3801     0.6813     0.4637     1.1900     3.4291     0.0974    49    24  2.99484  -119    33 24.11512   510.2241      11    314511.1854   5475159.1792 1.00002265 0.99994270      25    336972.7980   5473752.6797 0.99991271 0.99983277       526.441
BWD NAD83 Rine  200.957470 2020-07-18 22:58:45.40  13  2.0   0.399  0.0020       -8.2617       -2.7947       -0.1494          -5.5314  2.3801     0.6813     0.4637     1.1899     3.4290     0.0974    49    24  2.97495  -119    33 24.12225   510.2015      11    314511.0209   5475158.5699 1.00002265 0.99994270      25    336972.6579   5473752.0645 0.99991271 0.99983277       526.418
BWD NAD83 Rine  200.957472 2020-07-18 22:58:45.60  13  2.0   0.388  0.0018       -8.9084       -2.9275       -0.1131          -5.5475  2.3801     0.6813     0.4637     1.1899     3.4290     0.0974    49    24  2.95402  -119    33 24.12883   510.2378      11    314510.8664   5475157.9282 1.00002265 0.99994270      25    336972.5291   5473751.4172 0.99991271 0.99983277       526.454
BWD NAD83 Rine  200.957475 2020-07-18 22:58:45.80  13  2.0   0.363  0.0018       -9.5142       -3.0714       -0.1090          -5.5413  2.3800     0.6813     0.4636     1.1899     3.4289     0.0974    49    24  2.93441  -119    33 24.13597   510.2419      11    314510.7020   5475157.3276 1.00002265 0.99994270      25    336972.3887   5473750.8106 0.99991271 0.99983277       526.459
BWD NAD83 Rine  200.957477 2020-07-18 22:58:46.00  13  2.0   0.373  0.0019      -10.1188       -3.2052       -0.1096          -5.5518  2.3800     0.6813     0.4636     1.1899     3.4289     0.0974    49    24  2.91484  -119    33 24.14261   510.2413      11    314510.5478   5475156.7278 1.00002265 0.99994270      25    336972.2584   5473750.2052 0.99991271 0.99983277       526.458
BWD NAD83 Rine  200.957479 2020-07-18 22:58:46.20  13  2.0   0.362  0.0017      -10.7208       -3.3520       -0.1039          -5.5614  2.3800     0.6813     0.4636     1.1899     3.4288     0.0974    49    24  2.89536  -119    33 24.14989   510.2470      11    314510.3807   5475156.1313 1.00002265 0.99994270      25    336972.1151   5473749.6026 0.99991271 0.99983276       526.464
BWD NAD83 Rine  200.957481 2020-07-18 22:58:46.40  13  2.0   0.366  0.0017      -11.3153       -3.4874       -0.1226          -5.5901  2.3800     0.6813     0.4636     1.1899     3.4288     0.0974    49    24  2.87611  -119    33 24.15660   510.2283      11    314510.2253   5475155.5416 1.00002265 0.99994270      25    336971.9834   5473749.0072 0.99991271 0.99983277       526.445
BWD NAD83 Rine  200.957484 2020-07-18 22:58:46.60  13  2.0   0.365  0.0028      -11.9174       -3.6257       -0.1239          -5.5286  2.3800     0.6813     0.4636     1.1898     3.4287     0.0974    49    24  2.85662  -119    33 24.16347   510.2270      11    314510.0665   5475154.9445 1.00002265 0.99994270      25    336971.8484   5473748.4043 0.99991271 0.99983277       526.444
BWD NAD83 Rine  200.957486 2020-07-18 22:58:46.80  13  2.0   0.374  0.0026      -12.5216       -3.7609       -0.1094          -5.5307  2.3800     0.6813     0.4636     1.1898     3.4287     0.0974    49    24  2.83707  -119    33 24.17017   510.2415      11    314509.9110   5475154.3454 1.00002265 0.99994270      25    336971.7169   5473747.7996 0.99991271 0.99983277       526.458
BWD NAD83 Rine  200.957488 2020-07-18 22:58:47.00  13  2.0   0.404  0.0031      -13.1131       -3.8859       -0.1214          -5.4993  2.3799     0.6813     0.4636     1.1898     3.4287     0.0974    49    24  2.81792  -119    33 24.17637   510.2295      11    314509.7660   5475153.7583 1.00002265 0.99994270      25    336971.5954   5473747.2073 0.99991271 0.99983277       526.446
BWD NAD83 Rine  200.957491 2020-07-18 22:58:47.20  13  2.0   0.472  0.0022      -13.7028       -4.0139       -0.1201           0.4097  2.3799     0.6813     0.4636     1.1898     3.4286     0.0974    49    24  2.79883  -119    33 24.18272   510.2308      11    314509.6181   5475153.1732 1.00002265 0.99994270      25    336971.4708   5473746.6169 0.99991271 0.99983277       526.448
BWD NAD83 Rine  200.957493 2020-07-18 22:58:47.40  13  2.0   0.481  0.0015      -14.3106       -4.1239       -0.1068           0.5945  2.3799     0.6813     0.4636     1.1898     3.4286     0.0974    49    24  2.77916  -119    33 24.18818   510.2441      11    314509.4874   5475152.5696 1.00002265 0.99994270      25    336971.3643   5473746.0086 0.99991271 0.99983276       526.461
BWD NAD83 Rine  200.957495 2020-07-18 22:58:47.60  13  2.0   0.496  0.0023      -14.9125       -4.2442       -0.1181           0.5672  2.3799     0.6814     0.4636     1.1897     3.4285     0.0974    49    24  2.75968  -119    33 24.19414   510.2328      11    314509.3470   5475151.9722 1.00002266 0.99994270      25    336971.2477   5473745.4062 0.99991271 0.99983277       526.450
BWD NAD83 Rine  200.957498 2020-07-18 22:58:47.80  13  2.0   0.516  0.0029      -15.4928       -4.3631       -0.1227           0.6721  2.3799     0.6814     0.4636     1.1897     3.4285     0.0974    49    24  2.74089  -119    33 24.20004   510.2282      11    314509.2084   5475151.3961 1.00002266 0.99994271      25    336971.1322   5473744.8250 0.99991271 0.99983277       526.445
BWD NAD83 Rine  200.957500 2020-07-18 22:58:48.00  13  2.0   0.547  0.0016      -16.0827       -4.4727       -0.1290           0.5650  2.3799     0.6814     0.4636     1.1897     3.4285     0.0974    49    24  2.72180  -119    33 24.20547   510.2219      11    314509.0790   5475150.8104 1.00002266 0.99994271      25    336971.0262   5473744.2347 0.99991271 0.99983277       526.439
BWD NAD83 Rine  200.957502 2020-07-18 22:58:48.20  13  2.0   0.593  0.0020      -16.6907       -4.5939       -0.1079           0.4915  2.3799     0.6814     0.4636     1.1898     3.4286     0.0974    49    24  2.70212  -119    33 24.21148   510.2430      11    314508.9373   5475150.2068 1.00002266 0.99994270      25    336970.9086   5473743.6261 0.99991271 0.99983276       526.460
